auc	q	max_cost_decrease	acc_cost_decrease	f1_cost_decrease
0.55	0.5	0.73	0.73	0.00
0.55	0.52	0.83	0.77	0.00
0.55	0.54	0.95	0.80	0.00
0.55	0.56	0.74	0.53	0.00
0.55	0.58	0.59	0.34	0.00
0.55	0.6	0.49	0.21	0.00
0.55	0.62	0.48	0.12	0.00
0.55	0.64	0.84	0.18	0.00
0.55	0.66	0.81	0.17	0.00
0.55	0.68	1.41	0.15	0.00
0.55	0.7	1.38	0.00	0.00
0.55	0.72	1.12	0.00	0.00
0.55	0.74	0.97	0.00	0.00
0.55	0.76	0.91	0.00	0.00
0.55	0.78	0.87	0.00	0.00
0.55	0.8	0.83	0.00	0.00
0.55	0.82	0.79	0.00	0.00
0.55	0.84	1.07	0.00	0.09
0.55	0.86	0.98	0.00	0.36
0.55	0.88	0.87	0.00	0.54
0.55	0.9	0.75	0.00	0.63
0.55	0.92	0.63	0.00	0.60
0.55	0.94	0.49	0.00	0.49
0.55	0.96	0.34	0.00	0.32
0.55	0.98	0.17	0.00	0.12
0.6	0.5	1.64	1.61	0.00
0.6	0.52	1.99	1.98	0.00
0.6	0.54	2.02	1.97	0.00
0.6	0.56	1.70	1.62	0.00
0.6	0.58	1.45	1.29	0.00
0.6	0.6	1.38	0.99	0.00
0.6	0.62	1.50	0.81	0.00
0.6	0.64	2.06	1.32	0.00
0.6	0.66	1.89	1.13	0.00
0.6	0.68	3.10	1.43	0.00
0.6	0.7	3.08	1.32	0.40
0.6	0.72	2.74	1.22	0.75
0.6	0.74	2.43	0.79	1.02
0.6	0.76	2.15	0.71	1.22
0.6	0.78	1.93	0.64	1.41
0.6	0.8	1.77	0.58	1.49
0.6	0.82	1.66	0.00	1.54
0.6	0.84	2.38	0.00	2.29
0.6	0.86	2.18	0.00	2.17
0.6	0.88	1.94	0.00	1.94
0.6	0.9	1.69	0.00	1.65
0.6	0.92	1.40	0.00	1.29
0.6	0.94	1.09	0.00	0.91
0.6	0.96	0.76	0.00	0.53
0.6	0.98	0.39	0.00	0.18
0.65	0.5	2.98	2.94	0.00
0.65	0.52	3.46	3.46	0.00
0.65	0.54	3.38	3.37	0.00
0.65	0.56	3.08	2.97	0.18
0.65	0.58	2.88	2.67	0.47
0.65	0.6	2.80	2.48	0.83
0.65	0.62	2.87	2.41	1.23
0.65	0.64	3.77	3.06	2.13
0.65	0.66	3.62	2.76	2.39
0.65	0.68	5.07	3.84	3.87
0.65	0.7	5.00	3.61	4.09
0.65	0.72	4.61	3.06	3.88
0.65	0.74	4.20	2.83	3.69
0.65	0.76	3.78	2.27	3.44
0.65	0.78	3.42	2.07	3.26
0.65	0.8	3.06	1.47	2.99
0.65	0.82	2.75	1.30	2.75
0.65	0.84	3.78	1.59	3.71
0.65	0.86	3.44	1.35	3.31
0.65	0.88	3.07	1.09	2.85
0.65	0.9	2.66	0.00	2.34
0.65	0.92	2.21	0.00	1.80
0.65	0.94	1.72	0.00	1.25
0.65	0.96	1.19	0.00	0.71
0.65	0.98	0.62	0.00	0.30
0.7	0.5	4.77	4.72	1.81
0.7	0.52	5.57	5.57	2.61
0.7	0.54	5.48	5.46	3.08
0.7	0.56	5.11	5.05	3.12
0.7	0.58	4.85	4.71	3.20
0.7	0.6	4.71	4.45	3.29
0.7	0.62	4.68	4.36	3.49
0.7	0.64	6.41	5.40	4.98
0.7	0.66	6.22	5.01	5.08
0.7	0.68	7.55	6.77	6.93
0.7	0.7	7.33	6.41	6.92
0.7	0.72	6.85	5.73	6.52
0.7	0.74	6.33	5.35	6.10
0.7	0.76	5.81	4.65	5.59
0.7	0.78	5.24	3.86	5.09
0.7	0.8	4.65	3.52	4.60
0.7	0.82	4.11	3.13	4.10
0.7	0.84	5.21	3.34	5.09
0.7	0.86	4.70	2.77	4.40
0.7	0.88	4.18	2.33	3.70
0.7	0.9	3.62	1.86	2.99
0.7	0.92	3.01	1.36	2.29
0.7	0.94	2.34	0.00	1.59
0.7	0.96	1.62	0.00	0.92
0.7	0.98	0.84	0.00	0.40
0.75	0.5	7.19	7.14	5.00
0.75	0.52	8.47	8.44	6.38
0.75	0.54	8.32	8.22	6.66
0.75	0.56	7.87	7.77	6.52
0.75	0.58	7.50	7.31	6.45
0.75	0.6	7.29	7.02	6.48
0.75	0.62	7.24	6.70	6.61
0.75	0.64	9.80	9.07	8.85
0.75	0.66	9.48	8.63	8.65
0.75	0.68	10.90	10.22	10.40
0.75	0.7	10.49	9.69	10.14
0.75	0.72	9.78	9.17	9.57
0.75	0.74	9.06	8.31	8.93
0.75	0.76	8.32	7.38	8.26
0.75	0.78	7.58	6.83	7.49
0.75	0.8	6.80	5.81	6.76
0.75	0.82	6.01	5.25	5.99
0.75	0.84	7.19	6.57	7.04
0.75	0.86	6.18	5.21	5.92
0.75	0.88	5.33	4.31	4.94
0.75	0.9	4.60	3.35	3.97
0.75	0.92	3.81	2.58	3.03
0.75	0.94	2.97	1.77	2.01
0.75	0.96	2.05	0.00	1.21
0.75	0.98	1.06	0.00	0.50
0.8	0.5	10.31	10.31	9.08
0.8	0.52	12.35	12.25	11.13
0.8	0.54	12.07	11.94	11.19
0.8	0.56	11.55	11.37	10.83
0.8	0.58	11.15	10.75	10.55
0.8	0.6	10.84	10.34	10.38
0.8	0.62	10.66	10.06	10.31
0.8	0.64	14.07	13.50	13.55
0.8	0.66	13.55	13.11	13.12
0.8	0.68	14.87	14.51	14.61
0.8	0.7	14.27	13.80	14.02
0.8	0.72	13.38	13.05	13.20
0.8	0.74	12.46	12.01	12.25
0.8	0.76	11.49	10.86	11.31
0.8	0.78	10.49	10.07	10.35
0.8	0.8	9.45	9.22	9.36
0.8	0.82	8.38	7.99	8.34
0.8	0.84	10.34	10.30	10.21
0.8	0.86	8.82	8.49	8.69
0.8	0.88	7.31	7.17	7.18
0.8	0.9	5.83	5.77	5.69
0.8	0.92	4.64	4.30	4.28
0.8	0.94	3.61	3.02	2.96
0.8	0.96	2.49	1.77	1.76
0.8	0.98	1.29	0.00	0.76
0.85	0.5	14.77	14.64	14.32
0.85	0.52	17.70	17.62	17.24
0.85	0.54	17.22	17.08	16.82
0.85	0.56	16.51	16.29	16.26
0.85	0.58	15.89	15.58	15.69
0.85	0.6	15.39	15.16	15.21
0.85	0.62	15.02	14.69	14.87
0.85	0.64	19.46	19.18	19.27
0.85	0.66	18.68	18.50	18.54
0.85	0.68	19.88	19.70	19.72
0.85	0.7	19.03	18.72	18.90
0.85	0.72	17.91	17.72	17.69
0.85	0.74	16.75	16.38	16.55
0.85	0.76	15.55	15.32	15.39
0.85	0.78	14.29	14.18	14.18
0.85	0.8	13.03	12.70	12.83
0.85	0.82	11.70	11.53	11.55
0.85	0.84	15.00	15.00	14.29
0.85	0.86	12.93	12.81	12.26
0.85	0.88	10.93	10.93	10.35
0.85	0.9	8.95	8.95	8.53
0.85	0.92	6.88	6.88	6.52
0.85	0.94	4.73	4.73	4.73
0.85	0.96	2.96	2.87	2.87
0.85	0.98	1.53	0.00	1.09
0.9	0.5	20.90	20.82	20.80
0.9	0.52	24.80	24.74	24.60
0.9	0.54	24.00	23.87	23.87
0.9	0.56	23.00	22.92	22.93
0.9	0.58	22.12	21.94	22.09
0.9	0.6	21.34	21.00	21.28
0.9	0.62	20.70	20.45	20.67
0.9	0.64	26.44	26.42	26.36
0.9	0.66	25.32	25.15	25.19
0.9	0.68	26.25	26.25	26.10
0.9	0.7	25.10	24.95	24.86
0.9	0.72	23.66	23.60	23.54
0.9	0.74	22.19	22.19	22.01
0.9	0.76	20.70	20.48	20.60
0.9	0.78	19.13	19.03	18.98
0.9	0.8	17.49	17.49	17.49
0.9	0.82	15.88	15.88	15.77
0.9	0.84	20.70	20.70	20.56
0.9	0.86	18.22	18.22	17.87
0.9	0.88	15.62	15.62	15.06
0.9	0.9	12.92	12.92	12.92
0.9	0.92	10.10	10.10	10.10
0.9	0.94	7.17	7.17	7.17
0.9	0.96	4.24	4.24	4.24
0.9	0.98	1.80	1.71	1.71
0.95	0.5	29.76	29.71	29.76
0.95	0.52	34.88	34.80	34.88
0.95	0.54	33.58	33.54	33.58
0.95	0.56	32.12	32.12	32.12
0.95	0.58	30.81	30.63	30.81
0.95	0.6	29.62	29.48	29.62
0.95	0.62	28.54	28.46	28.54
0.95	0.64	35.85	35.85	35.85
0.95	0.66	34.21	34.06	34.21
0.95	0.68	34.65	34.65	34.58
0.95	0.7	33.05	33.05	33.05
0.95	0.72	31.20	31.20	31.20
0.95	0.74	29.30	29.30	29.30
0.95	0.76	27.34	27.16	27.34
0.95	0.78	25.31	25.25	25.31
0.95	0.8	23.27	23.27	23.27
0.95	0.82	21.21	21.21	21.21
0.95	0.84	27.97	27.97	27.97
0.95	0.86	24.67	24.67	24.67
0.95	0.88	21.24	21.24	21.24
0.95	0.9	17.66	17.66	17.66
0.95	0.92	13.94	13.94	13.94
0.95	0.94	10.09	10.09	10.09
0.95	0.96	6.11	6.11	6.11
0.95	0.98	2.53	2.53	2.53
